$ANSIBLE_VAULT;1.1;AES256
34663236356666613363613061386133356234633538343162623962623030353861396564323332
6563336166626662633335363363613435653233643465630a356665356664636364323337383262
36316163643762376239313235633931366135353033363239363131643539313338623933643361
3332623761396539340a393338643964616138373961366465386162313065636630313438623064
65363838303463323062656430613537363035666463306332313462346136366130613365353038
61303030303735666639373236326339663837356139343164363265653339633961396463306238
30333837353030303565376131303262306165353831373234343334393237666638383730323935
38616638656537363630363232383564336464373938376464663438636337646131376533313433
65623565316137653532633237666537356565666339326561303261393363643639323165373563
63363965656162656364613632323235666432346330633563343462343337633663356639353062
64343761653931616339303337323864616437303633613239626539316337646464363935373165
31313830386165393639313832613935336138616638393564393036306661343732633138643539
61393038306439343434643661613064326636646638363264303062396365356262363339323063
32653330626335363366643935663565636330396636386231616663366666613233353235353462
37643165353130633061666532613063393164653731646636333439626239386134623464643963
61386366363133393364663131316263376437646438656166643331663736313066616562623435
38366236333936393162333538643530626562633761656262356564663133626532656633333462
62303930646632613839363334343234636633366566383961613735613564623361316363336133
64623936633061643037333938343564663933336237303963303236656432313833323763353437
33313562376338313433326434383039636261663131656530353964636562643163303365366332
36333666306639346131366134396136373330663462316433333864303036396162643739333430
38346631343930643935613434666135633866333566663836323635306236633631646162643033
62373634633566316637353535346539353264313163346237636432373738656136383061306439
32313464343937396230366135326637626230383636613165306436623839326165303332373634
33653665613238646230323737376239323634336530633662623836383431303731
